"time" "local_1" "local_2" "mag" "mag_err" "sky" "sky_err" "mag_delta" "mag_sigma"
"1" 0 1004.541 56.027 20.8347 0.114885 24.0042 0 -0.0794248780487798 -0.691342455923574
"2" 85 1004.541 56.027 20.4688 0.127217 23.9462 0.0236111111111111 -0.44532487804878 -3.50051390968801
"3" 172 1004.541 56.027 20.3896 0.118553 23.9387 0.0477777777777778 -0.52452487804878 -4.42439143715283
"4" 257 1004.541 56.027 20.6973 0.118661 23.9953 0.0713888888888889 -0.216824878048783 -1.82726319556369
"5" 343 1004.541 56.027 20.8963 0.110201 24.0132 0.0952777777777778 -0.0178248780487813 -0.161748786751312
"6" 429 1004.541 56.027 20.8657 0.158347 24.001 0.119166666666667 -0.048424878048781 -0.305814938387093
"7" 516 1004.541 56.027 20.8523 0.109259 23.9952 0.143333333333333 -0.0618248780487818 -0.565856158749227
"8" 603 1004.541 56.027 20.8006 0.111125 23.9743 0.1675 -0.113524878048782 -1.02159620291367
"9" 689 1004.541 56.027 20.9067 0.147823 24.0191 0.191388888888889 -0.00742487804878067 -0.0502281650946109
"10" 775 1004.541 56.027 20.7068 0.117737 23.9799 0.215277777777778 -0.20732487804878 -1.76091524371081
"11" 861 1004.541 56.027 20.8915 0.112219 24.0026 0.239166666666667 -0.0226248780487808 -0.201613613102779
"12" 946 1004.541 56.027 20.8377 0.0981883 24.0171 0.262777777777778 -0.0764248780487797 -0.778350150158214
"13" 1033 1004.541 56.027 20.8868 0.114959 23.9865 0.286944444444444 -0.0273248780487805 -0.237692377706665
"14" 1119 1004.541 56.027 20.8773 0.114039 23.9914 0.310833333333333 -0.0368248780487797 -0.32291477519778
"15" 1205 1004.541 56.027 21.0803 0.116027 24.0221 0.334722222222222 0.16617512195122 1.43221079534263
"16" 1290 1004.541 56.027 21.3632 0.145165 24.0643 0.358333333333333 0.449075121951218 3.09354956050851
"17" 1377 1004.541 56.027 21.2868 0.113536 24.0514 0.3825 0.372675121951218 3.28244012428849
"18" 1462 1004.541 56.027 21.3282 0.142206 24.0414 0.406111111111111 0.414075121951218 2.91179782815927
"19" 1549 1004.541 56.027 21.0977 0.110529 24.0105 0.430277777777778 0.183575121951218 1.66087743444
"20" 1635 1004.541 56.027 21.3523 0.145202 24.0425 0.454166666666667 0.438175121951218 3.01769343363878
"21" 1721 1004.541 56.027 21.3063 0.233165 24.0326 0.478055555555556 0.392175121951219 1.68196393949014
"22" 1807 1004.541 56.027 21.3022 0.135637 24.0367 0.501944444444444 0.388075121951218 2.86113023696497
"23" 1893 1004.541 56.027 21.0765 0.174126 24.01 0.525833333333333 0.162375121951218 0.932515086496089
"24" 1980 1004.541 56.027 21.0227 0.109452 23.9823 0.55 0.108575121951219 0.99198846938584
"25" 2066 1004.541 56.027 20.9333 0.162424 24.0053 0.573888888888889 0.0191751219512177 0.118055964335429
"26" 2152 1004.541 56.027 21.1306 0.181972 24.0281 0.597777777777778 0.21647512195122 1.18960676340986
"27" 2238 1004.541 56.027 20.9387 0.159537 24.0046 0.621666666666667 0.0245751219512194 0.154040266215482
"28" 2324 1004.541 56.027 21.1773 0.100352 24.0025 0.645555555555556 0.263175121951218 2.62251994929067
"29" 2411 1004.541 56.027 21.1508 0.110566 23.9977 0.669722222222222 0.236675121951219 2.14057777211095
"30" 2497 1004.541 56.027 21.1197 0.15492 24.0242 0.693611111111111 0.20557512195122 1.32697600020153
"31" 2584 1004.541 56.027 21.0556 0.149911 24.0165 0.717777777777778 0.141475121951217 0.943727424613383
"32" 2670 1004.541 56.027 21.1498 0.107848 24.018 0.741666666666667 0.235675121951218 2.18525259579424
"33" 2756 1004.541 56.027 20.9207 0.155677 24.0258 0.765555555555556 0.00657512195121868 0.042235667126285
"34" 2843 1004.541 56.027 21.2159 0.150137 24.0717 0.789722222222222 0.30177512195122 2.00999834785043
"35" 2929 1004.541 56.027 21.2503 0.157834 24.0737 0.813611111111111 0.336175121951218 2.1299284181559
"36" 3015 1004.541 56.027 21.4522 0.164921 24.075 0.8375 0.53807512195122 3.26262344971968
"37" 3101 1004.541 56.027 21.3398 0.166663 24.0542 0.861388888888889 0.425675121951219 2.5541069220596
"38" 3187 1004.541 56.027 21.1791 0.180078 24.0302 0.885277777777778 0.264975121951217 1.47144638407366
"39" 3273 1004.541 56.027 21.1657 0.176232 24.0276 0.909166666666667 0.25157512195122 1.42752236796507
"40" 3359 1004.541 56.027 21.1687 0.178161 24.0436 0.933055555555556 0.25457512195122 1.42890487789819
"41" 3445 1004.541 56.027 21.2842 0.184099 24.0538 0.956944444444444 0.370075121951217 2.01019626370169
"42" 3531 1004.541 56.027 21.1912 0.185097 24.0403 0.980833333333333 0.277075121951217 1.49691849112204
"43" 3617 1004.541 56.027 21.0283 0.157714 24.0162 1.00472222222222 0.11417512195122 0.723937773128702
"44" 3704 1004.541 56.027 21.0189 0.175116 24.0096 1.02888888888889 0.104775121951217 0.598318382964533
"45" 3791 1004.541 56.027 21.2621 0.103401 24.0495 1.05305555555556 0.347975121951219 3.3652974531312
"46" 3877 1004.541 56.027 21.2918 0.172622 24.0803 1.07694444444444 0.377675121951217 2.18787363112012
"47" 3963 1004.541 56.027 21.2608 0.171553 24.0602 1.10083333333333 0.346675121951218 2.02080477724795
"48" 4049 1004.541 56.027 20.1107 0.080336 23.9452 1.12472222222222 -0.80342487804878 -10.000807583758
"49" 4135 1004.541 56.027 19.4595 0.117776 23.8096 1.14861111111111 -1.45462487804878 -12.3507750139993
"50" 4222 1004.578 56.091 20.5125 0.112093 23.9264 1.17277777777778 -0.401624878048782 -3.58296127366367
"51" 4309 1004.541 56.027 20.6887 0.110582 23.9498 1.19694444444444 -0.225424878048781 -2.03853138891303
"52" 4395 1004.541 56.027 20.5921 0.0976971 23.9525 1.22083333333333 -0.322024878048783 -3.29615595599852
"53" 4481 1004.541 56.027 19.8431 0.106866 23.8092 1.24472222222222 -1.07102487804878 -10.0221293774332
"54" 4568 1004.541 56.027 20.6173 0.116129 23.9478 1.26888888888889 -0.296824878048781 -2.55599271541804
"55" 4654 1004.541 56.027 20.7194 0.112394 23.9758 1.29277777777778 -0.194724878048781 -1.73252022393349
"56" 4740 1004.541 56.027 20.2589 0.102011 23.8797 1.31666666666667 -0.655224878048781 -6.42308062903786
"57" 4826 1004.557 56.054 19.9179 0.10558 23.8185 1.34055555555556 -0.996224878048782 -9.4357347797763
"58" 4912 1004.541 56.027 20.5827 0.108706 24.0041 1.36444444444444 -0.331424878048782 -3.04881863051517
"59" 4998 1004.564 56.066 20.0782 0.121717 23.826 1.38833333333333 -0.835924878048782 -6.86777424721923
"60" 5084 1004.557 56.054 20.3879 0.111183 23.9371 1.41222222222222 -0.526224878048783 -4.73296167623452
"61" 5170 1004.554 56.05 20.4748 0.118809 23.9089 1.43611111111111 -0.439324878048783 -3.69774072712322
"62" 5257 1004.541 56.027 20.4633 0.0986863 23.9899 1.46027777777778 -0.450824878048781 -4.56826203889274
"63" 5344 1004.541 56.027 20.4763 0.102246 23.9908 1.48444444444444 -0.437824878048783 -4.2820734116619
"64" 5431 1004.541 56.027 20.7129 0.102204 23.9958 1.50861111111111 -0.20122487804878 -1.96885521162362
"65" 5517 1004.556 56.053 20.5671 0.114143 23.9681 1.5325 -0.347024878048781 -3.04026421286265
"66" 5604 1004.541 56.027 20.6353 0.0960506 24.0336 1.55666666666667 -0.278824878048781 -2.90289574504251
"67" 5690 1004.541 56.027 20.6414 0.122838 23.9629 1.58055555555556 -0.272724878048781 -2.22019959661327
"68" 5776 1004.541 56.027 20.7647 0.10775 23.9901 1.60444444444444 -0.14942487804878 -1.3867738101975
"69" 5862 1004.541 56.027 20.8361 0.108703 23.9954 1.62833333333333 -0.0780248780487831 -0.717780356096733
"70" 5948 1004.541 56.027 20.8303 0.104303 24.0325 1.65222222222222 -0.0838248780487802 -0.803666989911894
"71" 6035 1004.541 56.027 20.9398 0.0948239 24.0472 1.67638888888889 0.0256751219512203 0.270766356912343
"72" 6121 1004.541 56.027 20.8516 0.109465 24.0107 1.70027777777778 -0.0625248780487802 -0.571186023375327
"73" 6208 1004.541 56.027 20.8657 0.097569 24.0341 1.72444444444444 -0.048424878048781 -0.496314178158852
"74" 6294 1004.541 56.027 20.5879 0.107597 23.9932 1.74833333333333 -0.32622487804878 -3.03191425456825
"75" 6380 1004.541 56.027 20.9885 0.0959531 24.0719 1.77222222222222 0.074375121951217 0.775119531846464
"76" 6466 1004.541 56.027 21.1125 0.0968787 24.0915 1.79611111111111 0.198375121951219 2.04766498674342
"77" 6552 1004.541 56.027 21.0472 0.0926097 24.1165 1.82 0.133075121951219 1.43694582696217
"78" 6638 1004.541 56.027 20.9097 0.0904222 24.1157 1.84388888888889 -0.00442487804878056 -0.04893574861904
"79" 6724 1004.541 56.027 21.1019 0.152077 24.1595 1.86777777777778 0.187775121951219 1.23473715256889
"80" 6810 1004.541 56.027 21.0264 0.0878663 24.1505 1.89166666666667 0.112275121951217 1.27779503576704
"81" 6897 1004.541 56.027 20.9477 0.092031 24.1132 1.91583333333333 0.0335751219512197 0.364824047888426
"82" 6983 1004.541 56.027 21.0916 0.0903913 24.161 1.93972222222222 0.177475121951218 1.96340933199565
"83" 7069 1004.541 56.027 21.0229 0.15384 24.1956 1.96361111111111 0.108775121951219 0.707066575345934
"84" 7155 1004.541 56.027 21.048 0.149955 24.2046 1.9875 0.133875121951217 0.892768643601193
"85" 7241 1004.541 56.027 21.0916 0.157704 24.2009 2.01138888888889 0.177475121951218 1.12536855090054
"86" 7328 1004.541 56.027 20.7237 0.101784 24.1057 2.03555555555556 -0.19042487804878 -1.87087241657609
"87" 7414 1004.541 56.027 20.8363 0.0955874 24.1077 2.05944444444444 -0.07782487804878 -0.814175069609384
"88" 7500 1004.541 56.027 20.9655 0.0881864 24.1466 2.08333333333333 0.0513751219512173 0.582574205900426
"89" 7587 1004.554 56.05 20.3597 0.111067 24.0242 2.1075 -0.554424878048781 -4.9918056492818
"90" 7673 1004.541 56.027 20.9168 0.0908984 24.1321 2.13138888888889 0.00267512195121711 0.0294298024081514
"91" 7760 1004.541 56.027 20.5158 0.084402 24.0807 2.15555555555556 -0.398324878048783 -4.71937724282342
"92" 7846 1004.541 56.027 21.1449 0.163664 24.2059 2.17944444444444 0.230775121951218 1.41005426942528
"93" 7933 1004.541 56.027 20.9391 0.146881 24.1769 2.20361111111111 0.0249751219512184 0.170036437328303
"94" 8020 1004.541 56.027 20.9674 0.0872936 24.1794 2.22777777777778 0.05327512195122 0.610298142718595
"95" 8107 1004.541 56.027 21.1802 0.13944 24.2376 2.25194444444444 0.266075121951218 1.9081692624155
"96" 8194 1004.541 56.027 21.3294 0.148143 24.2852 2.27611111111111 0.415275121951218 2.80320448452656
"97" 8280 1004.541 56.027 21.0295 0.0875646 24.2616 2.3 0.115375121951217 1.3176000570004
"98" 8367 1004.541 56.027 20.9742 0.0828096 24.2293 2.32416666666667 0.0600751219512183 0.725460839699966
"99" 8454 1004.541 56.027 20.8534 0.0863699 24.2112 2.34833333333333 -0.0607248780487808 -0.703079175138339
"100" 8541 1004.541 56.027 20.9123 0.0889165 24.2259 2.3725 -0.00182487804878306 -0.0205235029357101
"101" 8628 1004.541 56.027 20.9878 0.138163 24.27 2.39666666666667 0.0736751219512186 0.533247844583706
"102" 8715 1004.541 56.027 20.9809 0.0854043 24.2401 2.42083333333333 0.0667751219512169 0.781870724907492
"103" 8801 1004.541 56.027 20.8852 0.0845006 24.2276 2.44472222222222 -0.0289248780487803 -0.342303818538333
"104" 8887 1004.541 56.027 20.859 0.0863509 24.2367 2.46861111111111 -0.0551248780487796 -0.63838220619333
"105" 8973 1004.541 56.027 20.7651 0.0970496 24.2457 2.4925 -0.149024878048781 -1.53555375858098
"106" 9060 1004.541 56.027 20.8554 0.0988883 24.2621 2.51666666666667 -0.0587248780487819 -0.593850617805968
"107" 9147 1004.541 56.027 20.7542 0.0915474 24.2824 2.54083333333333 -0.159924878048781 -1.74690791927221
"108" 9234 1004.541 56.027 20.5801 0.101707 24.2308 2.565 -0.33402487804878 -3.2841876965084
"109" 9321 1004.541 56.027 20.7179 0.09795 24.2712 2.58916666666667 -0.196224878048781 -2.00331677436224
"110" 9408 1004.541 56.027 20.4432 0.108117 24.1929 2.61333333333333 -0.47092487804878 -4.355696865884
"111" 9495 1004.541 56.027 20.6955 0.103532 24.2448 2.6375 -0.218624878048782 -2.11166478044259
"112" 9582 1004.541 56.027 21.0072 0.0961852 24.299 2.66166666666667 0.0930751219512196 0.967665731850842
"113" 9669 1004.541 56.027 20.841 0.0896917 24.2999 2.68583333333333 -0.0731248780487803 -0.815291471215066
"114" 9755 1004.541 56.027 20.5312 0.103424 24.2205 2.70972222222222 -0.382924878048783 -3.70247600217341
"115" 9842 1004.541 56.027 20.7938 0.095146 24.27 2.73388888888889 -0.12032487804878 -1.26463412070692
"116" 9928 1004.541 56.027 20.7331 0.0942241 24.2943 2.75777777777778 -0.181024878048781 -1.92121631354166
"117" 10014 1004.541 56.027 20.7725 0.0989586 24.2795 2.78166666666667 -0.141624878048781 -1.43115280580748
"118" 10101 1004.541 56.027 20.995 0.0926363 24.3207 2.80583333333333 0.0808751219512196 0.873039207645595
"119" 10188 1004.541 56.027 20.7348 0.0990522 24.287 2.83 -0.179324878048781 -1.81040782586133
"120" 10275 1004.541 56.027 20.8217 0.0970164 24.2871 2.85416666666667 -0.0924248780487815 -0.952672723877422
"121" 10361 1004.541 56.027 20.9372 0.0889505 24.3105 2.87805555555556 0.0230751219512193 0.259415314711208
"122" 10447 1004.541 56.027 20.8374 0.0988622 24.291 2.90194444444444 -0.0767248780487826 -0.776079007434415
"123" 10533 1004.541 56.027 20.8797 0.0961651 24.3311 2.92583333333333 -0.0344248780487817 -0.357976834098667
"124" 10620 1004.541 56.027 21.2319 0.104248 24.4009 2.95 0.317775121951218 3.04826108847381
"125" 10706 1004.541 56.027 21.1131 0.100323 24.3809 2.97388888888889 0.198975121951218 1.98334501511336
"126" 10793 1004.541 56.027 21.017 0.0944979 24.3875 2.99805555555556 0.102875121951218 1.08864982133167
"127" 10880 1004.541 56.027 20.9881 0.0961374 24.3903 3.02222222222222 0.0739751219512179 0.769472878933879
"128" 10967 1004.541 56.027 20.7606 0.0878868 24.3972 3.04638888888889 -0.153524878048781 -1.74684796862306
"129" 11054 1004.541 56.027 20.767 0.0997351 24.3656 3.07055555555556 -0.147124878048782 -1.47515646997679
"130" 11141 1004.541 56.027 20.7585 0.0933933 24.3908 3.09472222222222 -0.15562487804878 -1.66633878499614
"131" 11228 1004.541 56.027 20.7141 0.0969861 24.3737 3.11888888888889 -0.200024878048783 -2.06240768572799
"132" 11315 1004.541 56.027 20.7741 0.160147 24.4 3.14305555555556 -0.140024878048781 -0.874352176742497
"133" 11401 1004.541 56.027 21.0143 0.0980769 24.4148 3.16694444444444 0.100175121951217 1.02139364061484
"134" 11488 1004.541 56.027 20.8389 0.108181 24.3743 3.19111111111111 -0.0752248780487825 -0.695361274611831
"135" 11575 1004.541 56.027 21.002 0.0989189 24.3895 3.21527777777778 0.0878751219512175 0.888355227880794
"136" 11662 1004.541 56.027 20.9868 0.0998614 24.3629 3.23944444444444 0.0726751219512174 0.727759894726264
"137" 11749 1004.541 56.027 20.7368 0.0988159 24.3373 3.26361111111111 -0.177324878048783 -1.79449742449123
"138" 11836 1004.541 56.027 20.7177 0.10443 24.298 3.28777777777778 -0.196424878048781 -1.88092385376597
"139" 11923 1004.541 56.027 20.6886 0.1053 24.2719 3.31194444444444 -0.22552487804878 -2.14173673360665
"140" 12010 1004.541 56.027 20.5374 0.120422 24.2259 3.33611111111111 -0.37672487804878 -3.12837254030642
"141" 12097 1004.541 56.027 20.7509 0.115681 24.2867 3.36027777777778 -0.16322487804878 -1.41099124358175
"142" 12184 1004.621 56.165 20.4099 0.129006 24.2368 3.38444444444444 -0.504224878048781 -3.90853819240021
"143" 12271 1004.554 56.049 20.2034 0.125165 24.2005 3.40861111111111 -0.710724878048783 -5.67830366355437
"144" 12358 1004.541 56.027 20.7018 0.11092 24.3045 3.43277777777778 -0.212324878048783 -1.9142163545689
"145" 12445 1004.541 56.027 20.6115 0.112847 24.2972 3.45694444444444 -0.302624878048782 -2.68172727718754
"146" 12532 1004.541 56.027 20.6145 0.11853 24.2646 3.48111111111111 -0.299624878048782 -2.52784002403427
"147" 12619 1004.541 56.027 20.65 0.111892 24.2829 3.50527777777778 -0.264124878048783 -2.3605340690021
"148" 12706 1004.541 56.027 20.7752 0.106295 24.3022 3.52944444444444 -0.13892487804878 -1.30697472175342
"149" 12793 1004.541 56.027 20.8804 0.108177 24.3374 3.55361111111111 -0.0337248780487798 -0.311756455150168
"150" 12880 1004.541 56.027 20.7999 0.111908 24.3057 3.57777777777778 -0.11422487804878 -1.02070341752851
"151" 12967 1004.541 56.027 20.7452 0.113769 24.2717 3.60194444444444 -0.168924878048781 -1.48480586142781
"152" 13054 1004.541 56.027 20.8335 0.120493 24.2924 3.62611111111111 -0.0806248780487806 -0.669124995217818
"153" 13141 1004.541 56.027 20.7048 0.120441 24.2789 3.65027777777778 -0.209324878048783 -1.73798688194869
"154" 13228 1004.541 56.027 20.6722 0.125206 24.2588 3.67444444444444 -0.241924878048781 -1.93221473450778
"155" 13315 1004.541 56.027 20.7384 0.113773 24.3087 3.69861111111111 -0.175724878048783 -1.54452179382439
"156" 13402 1004.541 56.027 20.7709 0.124285 24.279 3.72277777777778 -0.14322487804878 -1.15239069918961
"157" 13489 1004.541 56.027 20.886 0.112875 24.3174 3.74694444444444 -0.0281248780487822 -0.249168354806486
"158" 13576 1004.541 56.027 20.8072 0.124249 24.2573 3.77111111111111 -0.10692487804878 -0.860569324894202
"159" 13663 1004.541 56.027 20.881 0.119576 24.3 3.79527777777778 -0.0331248780487812 -0.277019452471911
"160" 13750 1004.541 56.027 20.8001 0.130085 24.273 3.81944444444444 -0.114024878048781 -0.87654132335612
"161" 13837 1004.541 56.027 21.0154 0.14457 24.263 3.84361111111111 0.101275121951218 0.700526540438668
"162" 13924 1004.541 56.027 20.784 0.132928 24.2157 3.86777777777778 -0.130124878048782 -0.97891247930295
"163" 14011 1004.541 56.027 20.6217 0.134863 24.1907 3.89194444444444 -0.292424878048781 -2.16831064153089
"164" 14098 1004.541 56.027 21.0324 0.135892 24.2612 3.91611111111111 0.118275121951218 0.870361183522339
"165" 14185 1004.541 56.027 20.9913 0.166218 24.2979 3.94027777777778 0.0771751219512176 0.464300629000575
"166" 14272 1004.541 56.027 20.8762 0.172017 24.2849 3.96444444444444 -0.0379248780487806 -0.220471686221598
"167" 14359 1004.541 56.027 21.0324 0.165193 24.3137 3.98861111111111 0.118275121951218 0.715981439596216
"168" 14446 1004.541 56.027 20.8403 0.175843 24.3068 4.01277777777778 -0.0738248780487822 -0.419834045419961
"169" 14533 1004.541 56.027 20.9669 0.167184 24.3039 4.03694444444444 0.0527751219512176 0.315670889267021
"170" 14620 1004.541 56.027 21.0553 0.170073 24.3159 4.06111111111111 0.141175121951218 0.830085445374737
"171" 14707 1004.541 56.027 20.9813 0.165249 24.309 4.08527777777778 0.0671751219512196 0.406508492948336
"172" 14794 1004.541 56.027 21.1434 0.164354 24.3251 4.10944444444444 0.229275121951218 1.39500786078354
"173" 14881 1004.541 56.027 21.073 0.161358 24.3116 4.13361111111111 0.158875121951219 0.984612612645292
"174" 14968 1004.541 56.027 20.8613 0.170098 24.28 4.15777777777778 -0.0528248780487814 -0.310555550616594
"175" 15055 1004.541 56.027 21.166 0.161501 24.3158 4.18194444444444 0.251875121951219 1.55958862144023
"176" 15142 1004.541 56.027 21.0923 0.155439 24.3144 4.20611111111111 0.17817512195122 1.14627038228
"177" 15229 1004.541 56.027 21.2565 0.180181 24.3378 4.23027777777778 0.342375121951218 1.90017328104083
"178" 15316 1004.541 56.027 21.0978 0.23709 24.3274 4.25444444444444 0.183675121951218 0.774706322287815
"179" 15403 1004.541 56.027 21.0392 0.220349 24.334 4.27861111111111 0.12507512195122 0.567622825387089
"180" 15490 1004.541 56.027 21.1057 0.230443 24.3421 4.30277777777778 0.191575121951217 0.831334091082035
"181" 15576 1004.541 56.027 21.2888 0.181171 24.3676 4.32666666666667 0.374675121951217 2.06807448184984
"182" 15663 1004.541 56.027 21.1007 0.20153 24.3263 4.35083333333333 0.186575121951218 0.925793291079335
"183" 15750 1004.541 56.027 21.1175 0.209479 24.3171 4.375 0.203375121951218 0.970861623127943
"184" 15837 1004.541 56.027 21.0668 0.103581 24.298 4.39916666666667 0.152675121951219 1.47396841072416
"185" 15924 1004.541 56.027 21.2288 0.183027 24.3229 4.42333333333333 0.314675121951218 1.71928252089155
"186" 16011 1004.541 56.027 21.2737 0.196953 24.3094 4.4475 0.35957512195122 1.82568999685824
"187" 16098 1004.541 56.027 21.2492 0.205799 24.2909 4.47166666666667 0.335075121951217 1.62816691019498
"188" 16185 1004.541 56.027 21.1165 0.206679 24.2637 4.49583333333333 0.202375121951217 0.979176026355929
"189" 16272 1004.541 56.027 21.2458 0.196964 24.2948 4.52 0.331675121951218 1.68393778533751
"190" 16359 1004.541 56.027 21.4135 0.198253 24.3112 4.54416666666667 0.499375121951218 2.51887800916615
"191" 16446 1004.541 56.027 21.2548 0.194106 24.2789 4.56833333333333 0.340675121951218 1.75509835837747
"192" 16533 1004.541 56.027 21.3442 0.193379 24.3155 4.5925 0.430075121951219 2.22400116843721
"193" 16620 1004.541 56.027 21.2933 0.195041 24.3034 4.61666666666667 0.379175121951217 1.94407904979577
"194" 16707 1004.541 56.027 21.4407 0.192551 24.3073 4.64083333333333 0.526575121951218 2.73473065292425
"195" 16794 1004.541 56.027 21.3779 0.186363 24.3187 4.665 0.463775121951219 2.48855793237509
"196" 16881 1004.541 56.027 21.2502 0.204862 24.2903 4.68916666666667 0.336075121951218 1.64049517212181
"197" 16968 1004.541 56.027 21.3916 0.12987 24.2852 4.71333333333333 0.477475121951219 3.6765621155865
"198" 17055 1004.541 56.027 21.4117 0.200454 24.3069 4.7375 0.497575121951218 2.4822409228612
"199" 17142 1004.541 56.027 21.3063 0.196203 24.3235 4.76166666666667 0.392175121951219 1.99882326952808
"200" 17229 1004.541 56.027 21.5146 0.189838 24.3575 4.78583333333333 0.60047512195122 3.16309233109925
"201" 17316 1004.541 56.027 21.2322 0.0943329 24.348 4.81 0.318075121951217 3.37183656975687
"202" 17403 1004.541 56.027 21.3734 0.133109 24.3342 4.83416666666667 0.459275121951219 3.45036865990443
"203" 17489 1004.541 56.027 21.3173 0.137658 24.3174 4.85805555555556 0.403175121951218 2.92881722784886
"204" 17576 1004.541 56.027 21.0772 0.11033 24.2525 4.88222222222222 0.16307512195122 1.47806690792368
"205" 17663 1004.541 56.027 21.1178 0.111962 24.2309 4.90638888888889 0.203675121951218 1.81914508450383
