"time" "local_1" "local_2" "mag" "mag_err" "sky" "sky_err" "mag_delta" "mag_sigma"
"1" 0 392.428 58.064 22.2677 0.23581 24.2305 0 -0.00195951219512125 -0.00830970779492494
"2" 85 392.428 58.064 21.7948 0.213073 24.2234 0.0236111111111111 -0.474859512195124 -2.22862358062788
"3" 172 392.428 58.064 21.5296 0.229814 24.2081 0.0477777777777778 -0.740059512195124 -3.22025425864014
"4" 257 392.428 58.064 22.0362 0.218028 24.2263 0.0713888888888889 -0.233459512195122 -1.07077766247969
"5" 343 392.428 58.064 22.3483 0.234845 24.2255 0.0952777777777778 0.0786404878048756 0.334861239561735
"6" 429 392.428 58.064 22.4357 0.238859 24.2024 0.119166666666667 0.166040487804878 0.695140178117124
"7" 516 392.428 58.064 22.3392 0.223986 24.2068 0.143333333333333 0.0695404878048791 0.310468010522439
"8" 603 392.428 58.064 22.0626 0.22891 24.2056 0.1675 -0.207059512195123 -0.904545507820204
"9" 689 392.428 58.064 22.3597 0.235991 24.2188 0.191388888888889 0.0900404878048775 0.381542041030707
"10" 775 392.428 58.064 21.9908 0.223962 24.2135 0.215277777777778 -0.278859512195123 -1.24511976225932
"11" 861 392.428 58.064 22.2145 0.230957 24.2193 0.239166666666667 -0.0551595121951216 -0.238830224652735
"12" 946 392.428 58.064 22.4447 0.24084 24.2208 0.262777777777778 0.175040487804878 0.726791595270214
"13" 1033 392.428 58.064 22.2098 0.238811 24.2067 0.286944444444444 -0.0598595121951213 -0.250656427866059
"14" 1119 392.428 58.064 22.1603 0.241789 24.2188 0.310833333333333 -0.109359512195123 -0.452293165508452
"15" 1205 392.428 58.064 22.6353 0.246776 24.2369 0.334722222222222 0.365640487804878 1.48166956188964
"16" 1290 392.428 58.064 22.9612 0.249964 24.2454 0.358333333333333 0.691540487804879 2.76656033590789
"17" 1377 392.428 58.064 23.0408 0.251878 24.2337 0.3825 0.771140487804878 3.06156348631035
"18" 1462 392.428 58.064 22.9982 0.254868 24.2268 0.406111111111111 0.728540487804878 2.85850121555032
"19" 1549 392.428 58.064 22.4937 0.255753 24.2201 0.430277777777778 0.224040487804878 0.87600336185647
"20" 1635 392.428 58.064 23.2613 0.287591 24.2268 0.454166666666667 0.991640487804876 3.44809290904401
"21" 1721 392.428 58.064 22.9713 0.253904 24.2187 0.478055555555556 0.701640487804877 2.76340856309817
"22" 1807 392.428 58.064 22.8142 0.25693 24.2137 0.501944444444444 0.544540487804877 2.11941185460973
"23" 1893 392.428 58.064 22.5145 0.251835 24.1947 0.525833333333333 0.244840487804879 0.972225813746616
"24" 1980 392.428 58.064 22.1477 0.24877 24.1911 0.55 -0.121959512195122 -0.490250079170005
"25" 2066 392.428 58.064 22.3113 0.250841 24.2105 0.573888888888889 0.0416404878048766 0.166003515393722
"26" 2152 392.428 58.064 22.6896 0.246913 24.2183 0.597777777777778 0.419940487804876 1.70076297240273
"27" 2238 392.428 58.064 22.5507 0.259762 24.203 0.621666666666667 0.281040487804876 1.08191532173635
"28" 2324 392.428 58.064 22.4932 0.256783 24.2071 0.645555555555556 0.223540487804879 0.870542394959476
"29" 2411 392.428 58.064 22.2668 0.247859 24.2034 0.669722222222222 -0.0028595121951227 -0.0115368503670341
"30" 2497 392.428 58.064 22.5517 0.258913 24.2262 0.693611111111111 0.282040487804878 1.08932532474182
"31" 2584 392.428 58.064 22.4596 0.254858 24.2241 0.717777777777778 0.189940487804876 0.745279676544882
"32" 2670 392.428 58.064 22.4358 0.262736 24.2137 0.741666666666667 0.166140487804878 0.632347633384377
"33" 2756 392.428 58.064 22.3438 0.259775 24.2316 0.765555555555556 0.074140487804879 0.285402705436932
"34" 2843 392.428 58.064 22.7769 0.266856 24.2595 0.789722222222222 0.507240487804879 1.90080225966393
"35" 2929 392.428 58.064 22.8992 0.259907 24.2608 0.813611111111111 0.629540487804878 2.42217596218985
"36" 3015 392.428 58.064 23.1842 0.281851 24.258 0.8375 0.914540487804878 3.24476580819255
"37" 3101 392.428 58.064 22.9238 0.26392 24.2395 0.861388888888889 0.654140487804877 2.47855595561108
"38" 3187 392.428 58.064 22.6201 0.261788 24.2197 0.885277777777778 0.350440487804878 1.33864228996317
"39" 3273 392.428 58.064 22.6727 0.263808 24.2259 0.909166666666667 0.403040487804876 1.52777962686831
"40" 3359 392.428 58.064 22.8227 0.27468 24.2316 0.933055555555556 0.553040487804878 2.01339918379525
"41" 3445 392.428 58.064 22.7752 0.2777 24.2272 0.956944444444444 0.505540487804879 1.82045548363298
"42" 3531 392.428 58.064 22.6912 0.269795 24.2283 0.980833333333333 0.421540487804876 1.56244736857568
"43" 3617 392.428 58.064 22.4023 0.259834 24.2117 1.00472222222222 0.132640487804878 0.510481645223018
"44" 3704 392.428 58.064 22.3829 0.257778 24.2179 1.02888888888889 0.113240487804877 0.439294617092524
"45" 3791 392.428 58.064 22.3911 0.263812 24.2458 1.05305555555556 0.121440487804879 0.460329658259969
"46" 3877 392.428 58.064 22.7248 0.266965 24.2613 1.07694444444444 0.455140487804876 1.70486950650788
"47" 3963 392.428 58.064 22.7318 0.275809 24.2486 1.10083333333333 0.462140487804877 1.67558160830458
"48" 4049 392.428 58.064 21.7947 0.245189 24.2314 1.12472222222222 -0.474959512195124 -1.93711590730059
"49" 4135 392.428 58.064 20.4075 0.20034 24.1793 1.14861111111111 -1.86215951219512 -9.2949960676606
"50" 4222 392.428 58.064 21.2505 0.239787 24.1969 1.17277777777778 -1.01915951219512 -4.25027008217762
"51" 4309 392.428 58.064 21.4987 0.246877 24.1914 1.19694444444444 -0.770959512195123 -3.12284867442136
"52" 4395 392.428 58.064 21.8381 0.25485 24.1994 1.22083333333333 -0.431559512195122 -1.69338635352216
"53" 4481 392.428 58.064 20.9551 0.233067 24.1923 1.24472222222222 -1.31455951219512 -5.64026443981825
"54" 4568 392.428 58.064 21.5423 0.245835 24.2192 1.26888888888889 -0.727359512195122 -2.95873049889203
"55" 4654 392.428 58.064 21.7094 0.246845 24.2303 1.29277777777778 -0.560259512195124 -2.26968142840699
"56" 4740 392.428 58.064 21.2939 0.239896 24.2115 1.31666666666667 -0.975759512195122 -4.06742718592691
"57" 4826 392.428 58.064 20.5539 0.210227 24.1996 1.34055555555556 -1.71575951219512 -8.16146124044544
"58" 4912 392.428 58.064 21.5167 0.239963 24.2697 1.36444444444444 -0.752959512195122 -3.13781504729947
"59" 4998 392.428 58.064 20.8652 0.227013 24.2355 1.38833333333333 -1.40445951219512 -6.18669200528217
"60" 5084 392.428 58.064 21.1849 0.228938 24.2373 1.41222222222222 -1.08475951219512 -4.73822393921116
"61" 5170 392.428 58.064 21.1658 0.232909 24.2169 1.43611111111111 -1.10385951219512 -4.73944550101165
"62" 5257 392.428 58.064 21.6663 0.248946 24.2501 1.46027777777778 -0.603359512195123 -2.42365618324907
"63" 5344 392.428 58.064 21.6003 0.251854 24.2484 1.48444444444444 -0.669359512195122 -2.65772833544483
"64" 5431 392.428 58.064 21.7609 0.252825 24.2491 1.50861111111111 -0.508759512195123 -2.01229906929743
"65" 5517 392.428 58.064 21.3541 0.23591 24.2497 1.5325 -0.915559512195124 -3.88096948919132
"66" 5604 392.428 58.064 22.0503 0.251958 24.273 1.55666666666667 -0.219359512195123 -0.870619357968878
"67" 5690 392.428 58.064 21.6254 0.244876 24.2408 1.58055555555556 -0.644259512195124 -2.6309622510786
"68" 5776 392.428 58.064 21.8317 0.25478 24.2433 1.60444444444444 -0.437959512195121 -1.7189713171957
"69" 5862 392.428 58.064 21.6541 0.248854 24.2561 1.62833333333333 -0.615559512195123 -2.47357692540656
"70" 5948 392.428 58.064 22.0833 0.250946 24.2691 1.65222222222222 -0.186359512195121 -0.742627944637975
"71" 6035 392.428 58.064 22.2598 0.265691 24.2609 1.67638888888889 -0.00985951219512415 -0.0371089430771993
"72" 6121 392.428 58.064 21.8296 0.258669 24.2491 1.70027777777778 -0.440059512195123 -1.70124565446622
"73" 6208 392.428 58.064 22.1007 0.264696 24.2601 1.72444444444444 -0.168959512195123 -0.638315320953557
"74" 6294 392.428 58.064 21.6039 0.245815 24.2688 1.74833333333333 -0.665759512195123 -2.70837626749842
"75" 6380 392.428 58.064 22.2905 0.259831 24.2858 1.77222222222222 0.0208404878048789 0.0802078574337893
"76" 6466 392.428 58.064 22.6405 0.26577 24.296 1.79611111111111 0.370840487804877 1.39534367236662
"77" 6552 392.428 58.064 22.5872 0.273791 24.3112 1.82 0.317540487804877 1.1597915483156
"78" 6638 392.428 58.064 22.3908 0.264757 24.3361 1.84388888888889 0.121140487804876 0.457553484156702
"79" 6724 392.428 58.064 22.6919 0.274777 24.3489 1.86777777777778 0.422240487804878 1.53666605212546
"80" 6810 392.428 58.064 22.5574 0.261841 24.3559 1.89166666666667 0.287740487804879 1.09891303426461
"81" 6897 392.428 58.064 22.2737 0.264684 24.3405 1.91583333333333 0.00404048780487898 0.0152653269743505
"82" 6983 392.428 58.064 22.5776 0.269695 24.3859 1.93972222222222 0.307940487804878 1.14181014777759
"83" 7069 392.428 58.064 22.6429 0.263793 24.4002 1.96361111111111 0.373240487804878 1.41489913608351
"84" 7155 392.428 58.064 22.748 0.277645 24.4062 1.9875 0.478340487804878 1.72284927805247
"85" 7241 392.428 58.064 22.7496 0.265764 24.4056 2.01138888888889 0.479940487804878 1.80588976612663
"86" 7328 392.428 58.064 21.8577 0.250677 24.3774 2.03555555555556 -0.411959512195121 -1.64338775474065
"87" 7414 392.428 58.064 22.1213 0.252771 24.3653 2.05944444444444 -0.148359512195121 -0.586932489071615
"88" 7500 392.428 58.064 22.4775 0.261645 24.3683 2.08333333333333 0.207840487804877 0.794360632937287
"89" 7587 392.428 58.064 21.1947 0.232832 24.3336 2.1075 -1.07495951219512 -4.61688905388916
"90" 7673 392.428 58.064 22.3318 0.268569 24.3567 2.13138888888889 0.0621404878048786 0.231376248952331
"91" 7760 392.428 58.064 21.9078 0.257629 24.3428 2.15555555555556 -0.361859512195121 -1.40457600734048
"92" 7846 392.428 58.064 22.8549 0.266835 24.4003 2.17944444444444 0.585240487804878 2.19326732926669
"93" 7933 392.428 58.064 22.6571 0.260718 24.3901 2.20361111111111 0.387440487804877 1.4860519327583
"94" 8020 392.428 58.064 22.5784 0.271551 24.4152 2.22777777777778 0.308740487804876 1.13695212982046
"95" 8107 392.428 58.064 23.0592 0.277692 24.4426 2.25194444444444 0.789540487804878 2.84322374358958
"96" 8194 392.428 58.064 23.2204 0.272759 24.4802 2.27611111111111 0.950740487804879 3.48564295882035
"97" 8280 392.428 58.064 22.6275 0.249871 24.4952 2.3 0.357840487804879 1.43210091529181
"98" 8367 392.428 58.064 22.5882 0.260663 24.4792 2.32416666666667 0.318540487804878 1.22203952154651
"99" 8454 392.428 58.064 22.3154 0.257683 24.4776 2.34833333333333 0.0457404878048777 0.17750681187691
"100" 8541 392.428 58.064 22.3603 0.255645 24.4999 2.3725 0.0906404878048761 0.354556075044989
"101" 8628 392.428 58.064 22.7498 0.262678 24.5121 2.39666666666667 0.480140487804878 1.82786715219728
"102" 8715 392.428 58.064 22.5699 0.265582 24.5017 2.42083333333333 0.300240487804878 1.13050013858197
"103" 8801 392.428 58.064 22.3282 0.247769 24.5103 2.44472222222222 0.0585404878048763 0.23627042852365
"104" 8887 392.428 58.064 22.321 0.25273 24.5248 2.46861111111111 0.0513404878048789 0.203143622857907
"105" 8973 392.428 58.064 22.0951 0.251634 24.5403 2.4925 -0.174559512195124 -0.693703999440155
"106" 9060 392.428 58.064 22.1164 0.241735 24.5702 2.51666666666667 -0.153259512195124 -0.633998023435265
"107" 9147 392.428 58.064 22.1622 0.247689 24.5836 2.54083333333333 -0.107459512195124 -0.433848544727962
"108" 9234 392.428 58.064 21.6991 0.235814 24.5792 2.565 -0.570559512195121 -2.41953197093947
"109" 9321 392.428 58.064 22.0409 0.243709 24.5804 2.58916666666667 -0.228759512195122 -0.938658450016709
"110" 9408 392.428 58.064 21.5992 0.240685 24.5442 2.61333333333333 -0.670459512195123 -2.78563064667563
"111" 9495 392.428 58.064 21.9065 0.241725 24.5595 2.6375 -0.363159512195121 -1.50236637582013
"112" 9582 392.428 58.064 22.4702 0.240779 24.5821 2.66166666666667 0.200540487804876 0.832881969793361
"113" 9669 392.428 58.064 22.353 0.23977 24.5832 2.68583333333333 0.0833404878048789 0.347585134941314
"114" 9755 392.428 58.064 21.7012 0.234758 24.5653 2.70972222222222 -0.568459512195123 -2.42147024678657
"115" 9842 392.428 58.064 22.1598 0.239745 24.5822 2.73388888888889 -0.109859512195122 -0.458234841999299
"116" 9928 392.428 58.064 22.2541 0.235793 24.5978 2.75777777777778 -0.0155595121951215 -0.0659880157388961
"117" 10014 392.428 58.064 22.2205 0.239787 24.5914 2.78166666666667 -0.0491595121951214 -0.205013250072445
"118" 10101 392.428 58.064 22.684 0.245775 24.605 2.80583333333333 0.414340487804878 1.68585286463179
"119" 10188 392.428 58.064 22.0938 0.226001 24.6059 2.83 -0.175859512195121 -0.778135991412078
"120" 10275 392.428 58.064 22.2398 0.232835 24.5929 2.85416666666667 -0.0298595121951237 -0.128243228875056
"121" 10361 392.428 58.064 22.6052 0.238846 24.5997 2.87805555555556 0.335540487804877 1.40484030632658
"122" 10447 392.428 58.064 22.2644 0.235794 24.6005 2.90194444444444 -0.00525951219512422 -0.0223055387122837
"123" 10533 392.428 58.064 22.4707 0.245715 24.6267 2.92583333333333 0.201040487804878 0.818185653317372
"124" 10620 392.428 58.064 23.1389 0.250924 24.6641 2.95 0.869240487804877 3.46415842169293
"125" 10706 392.428 58.064 22.9351 0.237006 24.6607 2.97388888888889 0.665440487804876 2.80769469045035
"126" 10793 392.428 58.064 22.791 0.247762 24.6719 2.99805555555556 0.521340487804878 2.104198738325
"127" 10880 392.428 58.064 22.6251 0.232855 24.7041 3.02222222222222 0.355440487804877 1.52644558976564
"128" 10967 392.428 58.064 22.3736 0.229898 24.7295 3.04638888888889 0.103940487804877 0.452115667839116
"129" 11054 392.428 58.064 22.169 0.229841 24.7212 3.07055555555556 -0.100659512195122 -0.437952811705145
"130" 11141 392.428 58.064 22.3965 0.238793 24.7235 3.09472222222222 0.126840487804877 0.531173392037777
"131" 11228 392.428 58.064 22.3061 0.231835 24.7173 3.11888888888889 0.0364404878048781 0.15718285765686
"132" 11315 392.428 58.064 22.5191 0.227895 24.7273 3.14305555555556 0.249440487804879 1.0945412922832
"133" 11401 392.428 58.064 22.6633 0.224007 24.7301 3.16694444444444 0.393640487804877 1.75726869162516
"134" 11488 392.428 58.064 22.2779 0.218 24.7214 3.19111111111111 0.0082404878048763 0.0378004027746619
"135" 11575 392.428 58.064 22.674 0.232854 24.7138 3.21527777777778 0.404340487804877 1.736454979536
"136" 11662 392.428 58.064 22.6278 0.226935 24.6824 3.23944444444444 0.358140487804878 1.57816329700081
"137" 11749 392.428 58.064 22.3188 0.21899 24.6605 3.26361111111111 0.0491404878048769 0.224396035457678
"138" 11836 392.428 58.064 22.5828 0.312092 24.6378 3.28777777777778 0.313140487804876 1.00335954720043
"139" 11923 392.428 58.064 22.0376 0.218959 24.6265 3.31194444444444 -0.232059512195121 -1.05983089160583
"140" 12010 392.428 58.064 21.7654 0.220908 24.6272 3.33611111111111 -0.504259512195123 -2.28266750047587
"141" 12097 392.428 58.064 21.9809 0.215003 24.6558 3.36027777777778 -0.288759512195124 -1.34304875836674
"142" 12184 392.428 58.064 21.4719 0.223847 24.6321 3.38444444444444 -0.797759512195121 -3.56386063782459
"143" 12271 392.428 58.064 21.2834 0.222859 24.6259 3.40861111111111 -0.986259512195122 -4.42548657310282
"144" 12358 392.428 58.064 22.0407 0.222886 24.6704 3.43277777777778 -0.228959512195122 -1.02724941088773
"145" 12445 392.428 58.064 21.9325 0.223889 24.6728 3.45694444444444 -0.337159512195122 -1.50592263217542
"146" 12532 392.428 58.064 21.8855 0.220917 24.6546 3.48111111111111 -0.384159512195122 -1.73893141856499
"147" 12619 392.428 58.064 22.072 0.228823 24.6541 3.50527777777778 -0.197659512195123 -0.863809635373732
"148" 12706 392.428 58.064 22.2303 0.224906 24.6543 3.52944444444444 -0.0393595121951229 -0.17500427821011
"149" 12793 392.428 58.064 22.3914 0.23083 24.6747 3.55361111111111 0.121740487804878 0.527403230970317
"150" 12880 392.428 58.064 22.2049 0.216987 24.6728 3.57777777777778 -0.0647595121951241 -0.298448811196634
"151" 12967 392.428 58.064 22.6142 0.337899 24.6668 3.60194444444444 0.344540487804878 1.01965524551679
"152" 13054 392.428 58.064 22.1885 0.220947 24.6672 3.62611111111111 -0.0811595121951214 -0.367325703427163
"153" 13141 392.428 58.064 22.0648 0.219932 24.6836 3.65027777777778 -0.204859512195121 -0.931467509026067
"154" 13228 392.428 58.064 21.8702 0.217949 24.6879 3.67444444444444 -0.399459512195122 -1.83281186055051
"155" 13315 392.428 58.064 22.0744 0.215985 24.6989 3.69861111111111 -0.195259512195122 -0.904042003820274
"156" 13402 392.428 58.064 21.9669 0.215011 24.6921 3.72277777777778 -0.302759512195124 -1.40811173472578
"157" 13489 392.428 58.064 22.238 0.214039 24.688 3.74694444444444 -0.0316595121951231 -0.147914689356253
"158" 13576 392.428 58.064 22.0202 0.218936 24.6636 3.77111111111111 -0.249459512195124 -1.13941751103119
"159" 13663 392.428 58.064 22.219 0.218994 24.6785 3.79527777777778 -0.0506595121951214 -0.231328311255657
"160" 13750 392.428 58.064 22.0431 0.216023 24.6747 3.81944444444444 -0.226559512195124 -1.04877495542199
"161" 13837 392.428 58.064 22.0854 0.218003 24.6505 3.84361111111111 -0.184259512195123 -0.845215488755305
"162" 13924 392.428 58.064 21.848 0.21304 24.613 3.86777777777778 -0.421659512195124 -1.97925043275969
"163" 14011 392.428 58.064 21.6857 0.216003 24.5852 3.89194444444444 -0.583959512195122 -2.70347871184716
"164" 14098 392.428 58.064 22.0994 0.213086 24.6045 3.91611111111111 -0.170259512195123 -0.799017824705158
"165" 14185 392.428 58.064 22.5003 0.229043 24.624 3.94027777777778 0.230640487804877 1.0069746196342
"166" 14272 392.428 58.064 22.3482 0.216183 24.6282 3.96444444444444 0.0785404878048759 0.363305568915576
"167" 14359 392.428 58.064 22.5864 0.226046 24.6386 3.98861111111111 0.316740487804879 1.40122137885598
"168" 14446 392.428 58.064 22.3743 0.216115 24.6433 4.01277777777778 0.104640487804879 0.484188917034352
"169" 14533 392.428 58.064 22.5069 0.227063 24.6475 4.03694444444444 0.237240487804879 1.04482230836763
"170" 14620 392.428 58.064 22.5093 0.219146 24.6558 4.06111111111111 0.239640487804877 1.09351978956895
"171" 14707 392.428 58.064 22.4783 0.21426 24.6565 4.08527777777778 0.208640487804878 0.973772462451592
"172" 14794 392.428 58.064 22.6204 0.22023 24.6565 4.10944444444444 0.350740487804877 1.5926099432633
"173" 14881 392.428 58.064 22.58 0.224117 24.6364 4.13361111111111 0.310340487804876 1.38472533455684
"174" 14968 392.428 58.064 22.2853 0.215224 24.6167 4.15777777777778 0.0156404878048768 0.0726707421332045
"175" 15055 392.428 58.064 22.722 0.235069 24.6222 4.18194444444444 0.452340487804879 1.9242881358447
"176" 15142 392.428 58.064 22.6693 0.213214 24.6268 4.20611111111111 0.399640487804877 1.8743632585331
"177" 15229 392.428 58.064 22.7215 0.235188 24.6466 4.23027777777778 0.451840487804876 1.92118852919739
"178" 15316 392.428 58.064 22.7267 0.227226 24.6402 4.25444444444444 0.457040487804878 2.01139168847261
"179" 15403 392.428 58.064 22.6622 0.224289 24.6599 4.27861111111111 0.392540487804876 1.75015487966363
"180" 15490 392.428 58.064 22.6997 0.223551 24.678 4.30277777777778 0.430040487804877 1.92367955323339
"181" 15576 392.428 58.064 22.6838 0.222385 24.6776 4.32666666666667 0.414140487804879 1.86226808375061
"182" 15663 392.428 58.064 22.3177 0.218255 24.6866 4.35083333333333 0.0480404878048759 0.22011173995957
"183" 15750 392.428 58.064 22.2925 0.214398 24.6779 4.375 0.0228404878048778 0.106533119734689
"184" 15837 392.428 58.064 22.2158 0.205711 24.6654 4.39916666666667 -0.0538595121951211 -0.261821255037995
"185" 15924 392.428 58.064 22.5088 0.229203 24.649 4.42333333333333 0.239140487804878 1.0433567091394
"186" 16011 392.428 58.064 22.4847 0.231356 24.6383 4.4475 0.215040487804878 0.929478759162838
"187" 16098 392.428 58.064 22.4392 0.228417 24.6227 4.47166666666667 0.169540487804877 0.742241110796819
"188" 16185 392.428 58.064 22.2965 0.22143 24.6008 4.49583333333333 0.0268404878048791 0.121214324187685
"189" 16272 392.428 58.064 22.4977 0.22447 24.6103 4.52 0.228040487804876 1.01590630286843
"190" 16359 392.428 58.064 22.6855 0.225726 24.6093 4.54416666666667 0.415840487804878 1.84223566538581
"191" 16446 392.428 58.064 22.4627 0.219621 24.6068 4.56833333333333 0.193040487804879 0.878970990045938
"192" 16533 392.428 58.064 22.6212 0.230658 24.6173 4.5925 0.351540487804879 1.5240767187996
"193" 16620 392.428 58.064 22.5493 0.221549 24.6021 4.61666666666667 0.279640487804876 1.26220604834541
"194" 16707 392.428 58.064 22.6987 0.237672 24.604 4.64083333333333 0.429040487804876 1.80517893485508
"195" 16794 392.428 58.064 22.5999 0.230513 24.6251 4.665 0.330240487804879 1.43263281378872
"196" 16881 392.428 58.064 22.2812 0.219598 24.6401 4.68916666666667 0.0115404878048757 0.0525527910312285
"197" 16968 392.428 58.064 22.1776 0.212535 24.6335 4.71333333333333 -0.0920595121951209 -0.433149891524318
"198" 17055 392.428 58.064 22.4237 0.235775 24.6348 4.7375 0.154040487804878 0.653336816052921
"199" 17142 392.428 58.064 22.3413 0.218761 24.6608 4.76166666666667 0.0716404878048778 0.327482905110498
"200" 17229 392.428 58.064 22.5776 0.228012 24.6834 4.78583333333333 0.307940487804878 1.3505450932621
"201" 17316 392.428 58.064 22.2842 0.225738 24.7101 4.81 0.0145404878048758 0.0644131152259514
"202" 17403 392.428 58.064 22.1014 0.231458 24.7064 4.83416666666667 -0.168259512195121 -0.726954834981383
"203" 17489 392.428 58.064 21.9722 0.223441 24.6895 4.85805555555556 -0.297459512195122 -1.33126647390193
"204" 17576 392.428 58.064 21.8172 0.222541 24.6518 4.88222222222222 -0.452459512195123 -2.03315124941077
"205" 17663 392.428 58.064 21.7078 0.216999 24.6216 4.90638888888889 -0.561859512195124 -2.58922627383133
